                                                                                          57.60
                                                                                          75.60
                                                                                          93.60
                                                                                         111.60
                                                                                         129.60
                                                                                         147.60
                                                                                         165.60
                                                                                         183.60
                                                                                         201.60
                                                                                           8.00
                                                                                           4.50
                                                                                          17.50
                                                                                           4.50
                                                                                           4.50
                                                                                           4.50
                                                                                           4.50
                                                                                           4.50
                                                                                           6.00
                                                                                           7.50
                                                                                           3.00
                                                                                           3.00
                                                                                           3.00
                                                                                           8.00
                                                                                           7.50
                                                                                          10.00
                                                                                           4.00
                                                                                           4.00
                                                                                           4.50
                                                                                           6.00
                                                                                          10.00
                                                                                           4.00
                                                                                           2.00
                                                                                           4.00
                                                                                           4.00
                                                                                           8.00
                                                                                           5.00
                                                                                          16.00
                                                                                           5.00
                                                                                           6.00
                                                                                          10.00
                                                                                          10.00
                                                                                           5.00
                                                                                           5.00
                                                                                           6.00
                                                                                           6.00
                                                                                          10.00
                                                                                          12.00
                                                                                          12.00
                                                                                          12.00
                                                                                          12.00
                                                                                          38.00
                                                                                           2.50
                                                                                          13.00
                                                                                           7.50
                                                                                           1.50
                                                                                           6.00
                                                                                          10.00
                                                                                          48.00
                                                                                           4.00
                                                                                          10.00
                                                                                           3.50
                                                                                           0.90
                                                                                           7.20
                                                                                           9.00
                                                                                          10.00
                                                                                           3.00
                                                                                           2.50
                                                                                           7.50
                                                                                           4.50
                                                                                          10.00
                                                                                           7.50
                                                                                           6.00
                                                                                          10.00
                                                                                          12.00
                                                                                          14.00
                                                                                          16.00
                                                                                          18.00
                                                                                          20.00
                                                                                          24.00
                                                                                           7.50
                                                                                           3.00
                                                                                           3.00
                                                                                           3.00
                                                                                          16.00
                                                                                           8.00
                                                                                           7.20
                                                                                           8.00
                                                                                          22.00
                                                                                           8.00
                                                                                           2.00
                                                                                           7.50
                                                                                           6.00
                                                                                           6.00
                                                                                           6.00
                                                                                           3.00
                                                                                          14.00
                                                                                           7.50
                                                                                           7.50